foundercolors <- c("#F0F000", "#808080", "#F08080", "#1010F0", "#00A0F0", "#00A000", "#F00000", "#9000E0")
foundernames <- c("AJ", "C57BL6J", "129S1", "NOD", "NZO", "CAST", "PWK", "WSB")
